2019 1 1 1 123
2019 1 1 1 456
2019 1 1 3 789
2019 1 1 4 147
2019 1 2 1 963
2019 1 2 2 852
2019 1 2 3 753
2019 1 3 1 123
2019 1 3 2 456
2019 1 5 1 789
2019 1 6 2 987
2019 2 8 3 654
2019 2 9 4 321
2019 3 2 3 465
2019 3 3 3 123
2019 3 3 4 789
2019 3 4 4 987
2019 3 5 4 654
2019 4 1 1 654
2019 4 2 1 321
2019 4 3 2 123
2019 4 5 3 45
2019 5 1 1 789
2019 5 2 1 741
2019 5 2 2 147
2019 5 2 2 963
2019 5 2 3 753
2020 1 1 1 951
2020 1 1 1 789
2020 1 1 3 132
2020 1 1 4 321
2020 1 2 1 456
2020 1 2 2 654
2020 1 2 3 789
2020 1 3 1 987
2020 1 3 2 123
2020 1 5 1 321
2020 1 6 2 654
2020 2 8 3 456
2020 2 9 4 987
2020 3 2 3 789
2020 3 3 3 741
2020 3 3 4 147
2020 3 4 4 963
2020 3 5 4 369
2020 4 1 1 852
2020 4 2 1 258
2020 4 3 2 123
2020 4 5 3 321
2020 5 1 1 456
2020 5 2 1 321
2020 5 2 2 789
2020 5 2 2 987
2020 5 2 3 741
2021 1 1 1 147
2021 1 1 1 852
2021 1 1 3 258
2021 1 1 4 963
2021 1 2 1 369
2021 1 2 2 123
2021 1 2 3 321
2021 1 3 1 456
2021 1 3 2 654
2021 1 5 1 789
2021 1 6 2 987
2021 2 8 3 798
2021 2 9 4 123
2021 3 2 3 147
2021 3 3 3 741
2021 3 3 4 852
2021 3 4 4 258
2021 3 5 4 963
2021 4 1 1 369
2021 4 2 1 123
2021 4 3 2 654
2021 4 5 3 456
2021 5 1 1 987
2021 5 2 1 456
2021 5 2 2 13
2021 5 2 2 798
2021 5 2 3 753